1
1
-2
3
28
-510
4926
-10500
-900304
26247816
-392237520
-838623720
278929515624
-10258515321912
181078805519808
2683042058413080
-357110515645119936
14982224655058981440
-260792313670228466880
-11917706969043852369408
1284099946875644316042240
-57823252975178021232526464
774857611031363213711803776
104838935074219027640577218688
-10386864429957487151786175887232
478095963289690217158521409449600
-1920498809712841281117919903027200
-1724814115091353665340980191979811200
163470543391102656039677020981531411200
-7312133436215603701834667300743708657920
-103185822300380102833580282057989935194880
49252930875111439428389794254322549428387840
-4514695021666102622110837415791498678581596160
183530477849034951601859755144210729130055475200
8992822150747702563968144129537779527771241205760
-2287818584793167129355965130724645694112456344371200
202305435200254819683280416348709739313805065465999360
-6660617340924293782929592015325183509213352297143971840
-833130212454598806066899712246710638252796544413028556800
163801620015663410120582087625491646382990175055172030525440
-13807486295763738997278990887268018273107269456520752908779520
276131593130976106786090297792467672701431700603133990595215360
101783303159082566248572500244591421050272401241493472307386368000
-17282741879470509835942447016349886094098470642975258997778616975360
1358778796196835473475246146537621381580701537165580508298096697016320
1417287460258065209496037929935633246067593757481911842934108281733120
-16856040076432699770561702008062790112738708566205452355714558371326033920
2586629433882447696156337976934548859946643153535115088720817376321687879680
-182861893158941890159070902331222160431295512463687587911498217389260392202240
-6646626781687044080985990515126482124150637699998048746680540402669289996124160
3760077243488225190129236990125180101684496299594950847775413333560194115960832000
-531170875720387209957774353874208839948509743938548477111890498279856072154240614400
31636243086850744320077323404553952799036359383871200735843474311633004980428690227200
3206348834566869961014465538402476534655681583157549518598569024006356011956164966809600
-1112844073447318708065487995895590543597173518464174703594358962458887859114859988892057600
145227467299192882052520675077797074494340632472330143629796963261618584143777107338513612800
-6353186743134208490738040369316935902220916250865090118421295284272665577491904599476817100800
-1581484432648636958396141898881422889476460453742448335015906604076503828743940379928630185164800
429496810945038431787963375938688205185486807103092292144622471357035275302555927679242980039065600
-51369979472738109149204307016420861384488977871410236012573777196908194919128297484722307132411084800
1066555100331539803392025862673489054209224105824456634372993184913070747245749905495004039011388620800
915625976898509709914419563838964697074781624566281261346234785387973236879487511174315161865586743705600
-212421624609521493496298005865223381787626059837346460355244818373856232589014715871016256451746927594700800
22815982086897541986669861318530447629197897081963701516091110887394665265598139800950969341444458946618982400
322194334265026260012089344343179008803054419313840368445421896071383468932965637956950254293658869829310873600
-642306653923410660771666541731766564834164140761719877330275398852509739474218706962369808809535094878243704012800
132351865185629441472038896618160620179908384045303924519181526338670966183368170482375806546342371956083205236326400
-12275752765195153457718604423464336523896705335080330472183387472846524754225754228837064095985442721106949685483929600
-874390229241430099390575897903545180041859185530474992107252953558893934348520048116617028406899106422841517198750515200
549018840302782839948013256269548782418726690494725684021463680442953384449886075566778073849498462089967985810841219891200
-102147436518787877411081824935430148720779385990039269139754811221251924801209089069374718363519848477291852261384351907840000
7576237554444931494212328683051210665249680980751768051602549765312940953360403993380706606245768541364066911432554416019865600
1352053778586876341201038351260295165316651453427343082574646616481549595842184241744624909694431233287607831055320508848196812800
-569893253339303542385711858358659374723196630859271117060143375029063175460697629837205756741789074950741967357023281403199802572800
95984894733411196933764907994591360502457575711398794995503859494224189648142612155141999148051588025373427814449363901129222311116800
-4749507543219130981106274260268513455058823546877507207372434243470932721851036819763897622574569402827936206685165264074356392198144000
-2123021066682231568239936767562338062555364178778252209498064514520714807734209939092965299668498590324849603887488636424792533010219008000
713351837449630822882118299620616906833106090055186769210602063280384158203721423679188711666465248630022514815249838822051161185758216192000
-107767544201281113697101304114445560255579441203776968011820257668947774301060690191559843397944562466158322396177956070079794268441545801728000
1611727197647293883016688720569309920700316076316144769815206775188472751571233538674374466423543629915548620927835254193030979086419885031424000
3717579564235975135886901705772415582462895205416615490724289219422700756686525721965660909761653247562636695717894393848622162603329063154089984000
-1067348005938267418722684487694664423100280897682894654762689901771947405361008292940772291578744616717439687053374800423159724361824981096385740800000
141306525492942802989324432961383704099539043298641309426142187664918331640415042855187380942173702713615127647489023998032934039096880876746803511296000
5183742285235867783356834658180729811003377136876258087262856407173718015260213680156319299702961521377752708506634491115468614032520125187637020459008000
-7462346703096712017765015971368375938689937093006996240421169439645061198168650582561452267267240795674508958098848544162719592904244704161581665167081472000
1890273304863549614168527639273094946427169963990589986119193879015097055711824348905224366608858208727789397789313658685105184468705664513187137251209904128000
-209404982415198831598518322491558206059412463052727650380139180457497137511648732775107247835503328159576469512539967704834713659455176999450389292656692822016000
-25580884398023028526479445411636902464753887166936919396624693673165505507509454578344698573171297638755667871752023670189625932448481183613150473391513691750400000
17311104641987166504888291887652873105884981062561176458581901719722645964435522264475516436543492091603383919773107399132200637103339792108517648588550068638842880000
-3919489035633334804159264206753814281625364012475465590916778761720485796938691338651852851350404675826009955324035935572698565646619971977855006193331779608541921280000
330086897339254208389527057367428597580744410760603431397254718267084965776219695457954352392071560806285350793472690694674677556081895686438094857558315048042567303168000
96044157591461252723521405608469231102687714509096464704610034545601282614721791941268443481884288577124446980912973631782290035258652847346911733499002646995285345042432000
-46430958212717711880007087838704917030877763803355017394688501980592648573968157190231111263957223844096823282352935072596573961326638422075775535942739899480672988253126656000
9397502652271005760933364503117361961069038024899533780113642581863323792507167420251542415363222254927689409961355949328086627315684465364561196244769095619167178324178894848000
-466387912548908775745429219959875737676512651929329750588566453734910874798849142539787293661253969057102296403818100993183432819845088979998498791416678040300870688428986990592000
-366011551897069495635100101261614171195076827218797342175520651871182364429228160341731698711761622811079889167298990077743083180546411332492520464820608493951838698142223682240512000
143531691350907993327734691373579722029217931277294094128808199015610549984516482397942523183479139861745091405404417517126655715589564450276749524912270532617986788179148068932812800000
-25657848280570206085915142185094478015826839514553583591876909819076577283929644366189056138684483588974762815191201799619462221958181294565677056147942105253244265671155191355776434176000
41842921859646356361982337091245394184627880368394560613062435361938347917426642153734725082515249642254680910345040744048685214696605465105589731261795041464647920728647240435825115136000
1513139278663456644084439230973157141271811677296256324982073002922038494400796217057562068135888334899174407735713146001497247195447375219735518151696212943934417464980738761296735987826688000
-508713981442803453150920189161016127738315447631938260096218940107282492290723834212429653939744498864438252491376961379431007171515522725589117272876197971367869506825803577246325037890273280000