1
1
-1
-2
33
-184
-695
32124
-369215
-1298816
143686161
-2700449740
-4440629039
1742613407952
-48219614792999
74825271145156
44304080520514305
-1702907552827720576
10042794619718630689
2024354595153139898868
-104417100967469816657519
1179833647428109240977040
149874694899227939046603561
-10172942332220788200394756156
180276633642032764673709782977
16664755170894329337895052184576
-1476546938937130421468860527776975
37169763402914235055128851444652724
2620715675260440248629908561602077905
-304018700451677390197036207716484985776
10247965714452316537382094283396475785081
553347177526206971116497922763290715494980
-85435387255672773683701335555577539688657919
3709802619958966251060400208349359550624216832
148951883980945449746258413876878219532855584321
-31758240130168068168090933500796400650355648533004
1729660674145707034562770657210441529733233949465745
47876178540050846361653960657742693249229016654580624
-15214055516554350747264139579696320903873666341512592951
1020033034098386008381047732071800675470383633314012816708
16199671211337706762559821911327547332690606674046286324161
-9187233479827037821934441665744137469106393454377506323195520
748509768872330078820906577452355772829727687005155218404720721
3241276723302064035121174082909909565859493845884845884870451124
-6859827476916624555113924913199859436559030853183940476657050711343
673500779467748770994620162513244449468242957729958438511035513389136
-4892144886561562346678813891621630967846686035856636905451596447636455
-6225632401083198898823668094359618527589799457265609730849691558494139196
733390615373334638213736701719647725395674903404886648997468251549486699265
-14022352927429021630064458637215694119313144839978492542803609267273362444416
-6760368183066305450415134884389039462357042142812540243199822675468195210327199
955157245714097493730983682600678884823562745164698686405479442459922967593741300
-30014196231538113004189316373891954342895229820326930000451966404201005442561177199
-8653185816582564147800189126609745520502031772458562990812257278902063919721166264688
1472127750242561744808593358622367259627693302319010119612388699269850010532861716187241
-65285649216467333016768207150748619177476615007390772109671091995946729411759776847835964
-12860943531029398147662572154982412642857173891858579736801506216341566099211982756699326015
2659275929389480437778643166062021017792697942885716678107493177615473321422472664802238625024
-154431120541984389694377418723685367011165545005133777218522799291937158143788799490373320795791
-21835565313114760358535157640637076074712740291804177561650348036280630120677022587886555288351052
5580902792609904564725675117868430874457136518279216981457077201145044444225283328420188485430457041
-406273989045034623530005274576940915635649902964612131755790990173920407258083153740310832725530805680
-41513131315633112503012269456003763836409723088174950907555248890742012882455296307825588700286314184519
13497190985212494141861285662073690189177897086388614980127054990483176133377629645606887660871243477115204
-1197975047339431004554957020130071735601549910618020182173944379079208730385037636750430447159389161957412863
-85866422944272116488837092933514074256046003526095309588154656845451841307094324962429667889837426683893717504
37333404608338202384273098403463314449128455193369707027441198781996582000828773881581758545838651371893356379265
-3966512362994499828193611690141638595385276545070219535037665696968751200559676200732735813886294387591489039842316
-183276438067036050940008315329605253013708677560415418516405028954904536036338185113789137664859254169195714441502575
117266177010370204096379046085186491133151333162927141532090266654632000059022767694758989458091777447903492660145452944
-14733249555382699603667835603811368816784591265797210474058137775343454824524323994560007777755361151799592108275144466679
-350201580291270249224712508760984577527362890597265039745028517248953191497544671219504561298622280432538820747801180993980
415438457903052069150511479217716292735549146815259241447070114774913603746525470359201314636708474325443698668919592772112321
-61253309141588123992539858663800396961510407047867546731057107912432454215824368621903243818416474932054305267695491629634945408
-193964678762626943126135496394286450905529905504408242129101586602321809581499547629014186890187634970751424867978361596581149039
1648944097616708668846822194349035107222317847560556446745675890192502262018357723942674903602912069267607097603891869453723099236276
-284199139383543520675802806854086291440091071745687193562942496764608097016081168186082719301696398719295369613442348020161292288348975
4657235749258327059539312114346312711425961810675384564647278485441520558060518734653965080303413212399613014158205863146660205290412624
7283949427117001250642752258165596204924124463376227143312122813465163858566891528940927081155317643433047741337062031920231954291411662169
-1466753756632285467974434201858634670673498764131242676594617438813816169076585692191879520542295278570312507506875613442438336947768537188412
51994162958096506898144799066170428898524300057225745799254531285770174574161122877011835212193435698987001389881440172756370478746676617573121
35560441961640399293029879686274344071601956973095664394488328723856915380477348639249124103945904138241797226370939625648277422117011136811858560
-8391690995679717389455534770266620494010374837083708869955357327955037845119149106584796594437272922983882645172269910071875711757236008888760088159
456899287074321455664054886773359670316064707927718524451909962006600185031227149028639193637253497221020347564289798891446665536532791031638456260084
190413900466672349528041140036541415930441275509483748963387374761433706740068918929743050984885246088311060415267328916090641314236129429963245786198417
-53039020664527501071367078050517149415116119266538917195539645593249898893025737806647913318002237640837599071278888048623557359877507856582548058115711344
3911334528832430964849214058450875219730118405447604771774225796726031326971714838422503163876098768334468206757480308097446149664935041295766221149019510185
1108374899784368424572463773680352615490770941272924245690112273092445317831691007427579370543955309197607865389576248326183125206299314874742566365634271015364
-369054793542367372984145096669787279896924838972427298225402601228174888662257029480547852500638512796310472378267970549382830551733722360601308245012489897495615
34572374039865830100460708710368479994035424857490263886728671163399501231780685077400589624523303976985510811864524833777393286420903642424948283485064629074466304
6933656349413403979820909226925181608240816307309632181984409769165056985021673061275394917864808247701652810865229474991893254582987142143393655373791793193477150641
-2817330929559989321224530012355143990995191250647144866361648877435675871754777639881309290694283064044289269381061809779662848607914335719503044360232438832220392854860
322834121982626138836869468181647506111134874330205369015160393120489172136510162401770950973551434815788839482840098940729885718421444474868949002133448439671438897170641
45850799812633037930647077386885332968231887514183091362650168012149393087484740819404336072121904069647749503533362936075375224165544914732131949808594933614216889404014672
-23514908998211922557687131716565171023929249842565724376492794141635802462805675747411449661215187203954342508948308589474993746871758521891709638019012175357651898563085184519
3218038044031255512944504682161803032078212426557833536359494645175002833596356161850565577858583713839431085454246201832995422773912900377164881102687514202686258118824473243716
311665712453001633820742375706205517524289004733971431781691005400885280311699915829858824942123602953497283457907465456859655756557944967552334541683102348972487593386318918052865
-213849600533303335367495548888841621716060691345494176785239377819489906879767752499106603259578878586609247941758761719571874131127594241007631412927597666025114277444706067544568576
34409953791620121775546352314574686202755194341387160926299053798398448456618000568349068265495202213043989964686665988848338648272253814724119674500476891070411785282414863035453620929
2052015484443542580687222676610487549080150137218443867258023775276656535040536734745891375789938436541431453238042792646238514000008361903103792395266766328876283728962935880477004464628
-2111598187544103288915652652884189920238978180231251013821400409691669018681714752942403850122301136760888533748993953644967702641898950387599834656168271252720528484017765464019123942175599