1
2
-6
12
140
-3060
34482
-84000
-8102736
262478160
-4314612720
-10063484640
3626083703112
-143619214506768
2716182082797120
42928672934609280
-6070878765967038912
269680043791061665920
-4955053959734340870720
-238354139380877047388160
26966098884388530636887040
-1272111565453916467115582208
17821725053721353915371486848
2516134441781256663373853248512
-259671610748937178794654397180800
12430495045531945646121556645689600
-51853467862246714590183837381734400
-48294795222557902629547445375434713600
4740645758341977025150633608464410924800
-219364003086468111055040019022311259737600
-3198760491311783187840988743797687991041280
1576093788003566061708473416138321581708410880
-148984935714981386529657634721119456393192673280
6240036246867188354463231674903164790421886156800
314748775276169589738885044533822283471993442201600
-82361469052554016656814744706087244988048428397363200
7485301102409428328281375404902260354610787422241976320
-253103458955123163751324496582356973350107387291470929920
-32492078285729353436609088777621714891859065232108113715200
6552064800626536404823283505019665855319607002206881221017600
-566106938126313298888438626377988749197398047717350869259960320
11597526911500996485015792507283642253460131425331627604999045120
4376682035840550348688617510517431105161713253384219309217613824000
-760440642696702432781467668719394988140332708290911395902259146915840
61145045828857596306386076594192962171131569172451122873414351365734400
65195223171870999636817744777039129319109312844167944774968980959723520
-792233883592336889216399994378951135298719302611656260718584243452323594240
124158212826357489415504222892858345277438871369685524258599234063441018224640
-8960232764788152617794474214229885861133480110720691807663412652073759217909760
-332331339084352204049299525756324106207531884999902437334027020133464499806208000
191763939417899484696591086496384185185909311279342493236546080011569899914002432000
-27620885537460134917804266401458859677322506684804520809818305910552515752020511948800
1676720883603089448964098140441359498348927047345173638999704138516549263962720582041600
173142837066610977894781139073733732871406805490507674004322727296343224645632908207718400
-61206424039602528943601839774257479897844543515529608697689742935238832251317299389063168000
8132738168754801394941157804356636171683075418450488043268629942650640712051518010956762316800
-362131644358649883972068301051065346426592226299310136750013831203541937917038562170178574745600
-91726097093620943586976230135122527589634706317062003430922583036437222067148542035860550739558400
25340311845757267475489839180382604105943721619082445236532725810065081242850799733075335822304870400
-3082198768364286548952258420985251683069338672284614160754426631814491695147697849083338427944665088000
65059861120223928006913577623082832306762670455291854696752584279697315581990744235195246379694705868800
56768810567707602014694012958015811218636460723109438203466556694054340686528225692807540035666378109747200
-13382562350399854090266774369509073052620441769752827002380423557552942653107927099874024156460056438466150400
1460222853561442687146871124385948648268665413245676897029831096793258576998280947260862037852445372583614873600
20942631727226706900785807382306635572198537255399623948952423244639925480642766467201766529087826538905206784000
-42392239158945103610929991754296593279054833290273511903798176324265642805298434659516407381429316261964084464844800
8867574967437172578626606073416761552053861731035362942785162264690954734285667422319179038604938921057574750833868800
-834751188033270435124865100795574883624975962785462472108470348153563683287351287560920358527010105035272578612907212800
-60332925817658676857949736955344617422888283801602774455400453795563681470047883320046574960076038343176064686713785548800
38431318821194798796360927938868414769310868334630797881502457631006736911492025289674465169464892346297759006758885392384000
-7252467992833939296186809570415540559175336405292788108922591596708886660885845323925605003809909241887721510558288985456640000
545489103920035067583287665179687167897977030614127299715383583102531748641949087523410875649695334978212817623143917953430323200
98699925836841972907675799642001547068115556100196045027949203003153120496479449647357618407693480029995371667038397145918367334400
-42172100747108462136542677518540793729516550683586062662450609752150674984091624607953225998892391546354905584419722823836785390387200
7198867105005839770032368099594352037684318178354909624662789462066814223610695911635649936103869101903007086083702292584691673333760000
-360962573284653954564076843780407022584470589562690547760305002503790886860678798302056219315667274614923151708072560069651085807058944000
-163472622134531830754475131102300030816763041765925420131350967618095040195534165310158328074474391455013419499336625004709025041786863616000
55641443321071204184805227370408118732982275024304567998426960935869964339890271046976719509984289393141756155589487428119990572489140862976000
-8513635991901207982071003025041199260190775855098380472933800355846874169783794525133227628437620434826507469298058529536303747206882118336512000
128938175811783510641335097645544793656025286105291581585216542015077820125698683093949957313883490393243889674226820335442478326913590802513920000
301123944703113986006839038167565662179494511638745854748667426773238761291608583479218533690693913052573572353149445901738395170869654115481288704000
-87522536486937928335260127990962482694223033609997361690540571945299687239602680021143327909457058570830054338376733634699097397669648449903630745600000
11728441615914252648113927935794847440261740593787228682369801576188221526154448556980552618200417325230055594741588991836733525245041112769984691437568000
435434351959812893801974111287181304124283679497605679330079938202592313281857949133130821175048767795731227514557297253699363578731690515761509718556672000
-634299469763220521510026357566311954788644652905594680435799402369830201844335299517723442717715467632333261438402126253831165396860799853734441539201925120000
162563504218265266818493376977486165392736616903190738806250673595298346791216894005849295528361805950589888209880974646919045864308687148134093803604051755008000
-18218233470122298349071094056765563927168884285587305583072108699802250963513439751434330561688789549883152847590977190320620088372600398952183868461132275515392000
-2251117827026026510330191196224047416898342070690448906902973043238564484660832002894333474439074192210498772714178082976687082055466344157957241658453204874035200000
1540688313136857818935057978001105706423763314567944704813789253055315490834761481538320962852370796152701168859806558522765856702197241497658070724380956108857016320000
-352754013207000132374333778607843285346282761122791903182510088554843721724482220478666756621536420824340895979163234201542870908195797478006950557399860164768772915200000
30037907657872132963446962220436002379847741379214912257150179362304731885635992286673846067678512033371966922206014853215395657603452507465866632037806669371873624588288000
8836062498414435250563969315979169261447269734836874752824123178195318000554404858596696800333354549095449122243993574123970683243796061955915879481908243523566251743903744000
-4318079113782747204840659168999557283871632033712016617706030684195116317379038618691493347548021817501004565258822961751481378403377373253047124842674810651702587907540779008000
883365249313474541527736263293032024340489574340556175330682402695152436495673737503644987044142891963202804536367459236840142967674339744268752447008294988201714762472816115712000
-44306851692146333695815775896188195079268701933286326305913813104816533105890668541279792897819127060424718158362719594352426117885283453099857385184584413828582715400753764106240000
-35137108982118671580969609721114960434727375413004544848849982579633506985205903392806243076329115789863669360060703047463335985332455487919281964622778415419376515021653473495089152000
13922574061038075352790265063237233036834139333897527130494395304514223348498098792600424748797476566589273866324228499161285604412187751676844703916490241663944718453377362686482841600000
-2514469131495880196419683934139258845551030272426251192003937162269504573825105147886527501591079391719526755888737776362707297751901766867436351502498326314817938035773208752866090549248000
4142449264104989279836251372033294024278160156471061500693181100831896443825237573219737783169009714583213410124159033660819836254963941045453383394917709105000144152136076803146686398464000
151313927866345664408443923097315714127181167729625632498207300292203849440079621705756206813588833489917440773571314600149724719544737521973551815169621294393441746498073876129673598782668800000
-51380112125723148768242939105262628901569860210825764269718112950835531721363107255455395047914194385308263501629073099322531724323067795284500844560495995108154820189406161301878828826917601280000
